0.00
  0  0.000e+00    0.000e+00    0.000e+00    3.000e+04
  1  1.000e+05    0.000e+00    0.000e+00   -3.000e+04
  2  2.000e+05    0.000e+00    0.000e+00    3.000e+04
  3  3.000e+05    0.000e+00    0.000e+00   -3.000e+04
  4  4.000e+05    0.000e+00    0.000e+00    3.000e+04
  5  5.000e+05    0.000e+00    0.000e+00   -3.000e+04
  6  6.000e+05    0.000e+00    0.000e+00    3.000e+04
  7  7.000e+05    0.000e+00    0.000e+00   -3.000e+04
  8  8.000e+05    0.000e+00    0.000e+00    3.000e+04
  9  9.000e+05    0.000e+00    0.000e+00   -3.000e+04
 10  1.000e+06    0.000e+00    0.000e+00    3.000e+04
 11  1.100e+06    0.000e+00    0.000e+00   -3.000e+04

0.05
  0  5.198e+01    1.500e+03    2.599e+03    2.998e+04
  1  1.000e+05   -1.500e+03    9.170e+02   -2.996e+04
  2  2.000e+05    1.500e+03    4.833e+02    2.996e+04
  3  3.000e+05   -1.500e+03    2.774e+02   -2.996e+04
  4  4.000e+05    1.500e+03    1.471e+02    2.996e+04
  5  5.000e+05   -1.500e+03    4.634e+01   -2.996e+04
  6  6.000e+05    1.500e+03   -4.634e+01    2.996e+04
  7  7.000e+05   -1.500e+03   -1.471e+02   -2.996e+04
  8  8.000e+05    1.500e+03   -2.774e+02    2.996e+04
  9  9.000e+05   -1.500e+03   -4.833e+02   -2.996e+04
 10  1.000e+06    1.500e+03   -9.170e+02    2.996e+04
 11  1.100e+06   -1.500e+03   -2.599e+03   -2.998e+04

0.10
  0  2.339e+02    2.997e+03    5.197e+03    2.991e+04
  1  1.001e+05   -2.995e+03    1.832e+03   -2.982e+04
  2  2.000e+05    2.995e+03    9.661e+02    2.982e+04
  3  3.000e+05   -2.995e+03    5.546e+02   -2.981e+04
  4  4.000e+05    2.995e+03    2.941e+02    2.981e+04
  5  5.000e+05   -2.995e+03    9.264e+01   -2.981e+04
  6  6.000e+05    2.995e+03   -9.264e+01    2.981e+04
  7  7.000e+05   -2.995e+03   -2.941e+02   -2.981e+04
  8  8.000e+05    2.995e+03   -5.546e+02    2.981e+04
  9  9.000e+05   -2.995e+03   -9.661e+02   -2.982e+04
 10  9.999e+05    2.995e+03   -1.832e+03    2.982e+04
 11  1.100e+06   -2.997e+03   -5.197e+03   -2.991e+04

0.15
  0  5.456e+02    4.490e+03    7.792e+03    2.978e+04
  1  1.002e+05   -4.481e+03    2.745e+03   -2.957e+04
  2  2.001e+05    4.481e+03    1.447e+03    2.957e+04
  3  3.001e+05   -4.481e+03    8.312e+02   -2.956e+04
  4  4.000e+05    4.481e+03    4.408e+02    2.956e+04
  5  5.000e+05   -4.481e+03    1.389e+02   -2.956e+04
  6  6.000e+05    4.481e+03   -1.389e+02    2.956e+04
  7  7.000e+05   -4.481e+03   -4.408e+02   -2.956e+04
  8  7.999e+05    4.481e+03   -8.312e+02    2.956e+04
  9  8.999e+05   -4.481e+03   -1.447e+03   -2.957e+04
 10  9.998e+05    4.481e+03   -2.745e+03    2.957e+04
 11  1.099e+06   -4.490e+03   -7.792e+03   -2.978e+04

0.20
  0  9.871e+02    5.976e+03    1.038e+04    2.960e+04
  1  1.003e+05   -5.953e+03    3.652e+03   -2.923e+04
  2  2.002e+05    5.954e+03    1.927e+03    2.923e+04
  3  3.001e+05   -5.953e+03    1.107e+03   -2.922e+04
  4  4.001e+05    5.953e+03    5.872e+02    2.922e+04
  5  5.000e+05   -5.953e+03    1.850e+02   -2.922e+04
  6  6.000e+05    5.953e+03   -1.850e+02    2.922e+04
  7  6.999e+05   -5.953e+03   -5.872e+02   -2.922e+04
  8  7.999e+05    5.953e+03   -1.107e+03    2.922e+04
  9  8.998e+05   -5.954e+03   -1.927e+03   -2.923e+04
 10  9.997e+05    5.953e+03   -3.652e+03    2.923e+04
 11  1.099e+06   -5.976e+03   -1.038e+04   -2.960e+04

0.25
  0  1.558e+03    7.452e+03    1.297e+04    2.937e+04
  1  1.005e+05   -7.406e+03    4.552e+03   -2.878e+04
  2  2.003e+05    7.407e+03    2.403e+03    2.879e+04
  3  3.002e+05   -7.405e+03    1.382e+03   -2.877e+04
  4  4.001e+05    7.405e+03    7.330e+02    2.877e+04
  5  5.000e+05   -7.405e+03    2.310e+02   -2.877e+04
  6  6.000e+05    7.405e+03   -2.310e+02    2.877e+04
  7  6.999e+05   -7.405e+03   -7.330e+02   -2.877e+04
  8  7.998e+05    7.405e+03   -1.382e+03    2.877e+04
  9  8.997e+05   -7.407e+03   -2.403e+03   -2.879e+04
 10  9.995e+05    7.406e+03   -4.552e+03    2.878e+04
 11  1.098e+06   -7.452e+03   -1.297e+04   -2.937e+04

0.30
  0  2.258e+03    8.915e+03    1.556e+04    2.909e+04
  1  1.008e+05   -8.835e+03    5.444e+03   -2.825e+04
  2  2.004e+05    8.836e+03    2.877e+03    2.826e+04
  3  3.002e+05   -8.833e+03    1.655e+03   -2.823e+04
  4  4.001e+05    8.833e+03    8.782e+02    2.824e+04
  5  5.000e+05   -8.833e+03    2.768e+02   -2.823e+04
  6  6.000e+05    8.833e+03   -2.768e+02    2.823e+04
  7  6.999e+05   -8.833e+03   -8.782e+02   -2.824e+04
  8  7.998e+05    8.833e+03   -1.655e+03    2.823e+04
  9  8.996e+05   -8.836e+03   -2.877e+03   -2.826e+04
 10  9.992e+05    8.835e+03   -5.444e+03    2.825e+04
 11  1.098e+06   -8.915e+03   -1.556e+04   -2.909e+04

0.35
  0  3.088e+03    1.036e+04    1.813e+04    2.876e+04
  1  1.011e+05   -1.024e+04    6.327e+03   -2.761e+04
  2  2.006e+05    1.024e+04    3.346e+03    2.765e+04
  3  3.003e+05   -1.023e+04    1.927e+03   -2.761e+04
  4  4.002e+05    1.023e+04    1.023e+03    2.761e+04
  5  5.001e+05   -1.023e+04    3.225e+02   -2.761e+04
  6  5.999e+05    1.023e+04   -3.225e+02    2.761e+04
  7  6.998e+05   -1.023e+04   -1.023e+03   -2.761e+04
  8  7.997e+05    1.023e+04   -1.927e+03    2.761e+04
  9  8.994e+05   -1.024e+04   -3.346e+03   -2.765e+04
 10  9.989e+05    1.024e+04   -6.327e+03    2.761e+04
 11  1.097e+06   -1.036e+04   -1.813e+04   -2.876e+04

0.40
  0  4.046e+03    1.179e+04    2.071e+04    2.838e+04
  1  1.014e+05   -1.160e+04    7.200e+03   -2.689e+04
  2  2.007e+05    1.161e+04    3.811e+03    2.695e+04
  3  3.004e+05   -1.160e+04    2.197e+03   -2.690e+04
  4  4.002e+05    1.160e+04    1.166e+03    2.691e+04
  5  5.001e+05   -1.160e+04    3.679e+02   -2.690e+04
  6  5.999e+05    1.160e+04   -3.679e+02    2.690e+04
  7  6.998e+05   -1.160e+04   -1.166e+03   -2.691e+04
  8  7.996e+05    1.160e+04   -2.197e+03    2.690e+04
  9  8.993e+05   -1.161e+04   -3.811e+03   -2.695e+04
 10  9.986e+05    1.160e+04   -7.200e+03    2.689e+04
 11  1.096e+06   -1.179e+04   -2.071e+04   -2.838e+04

0.45
  0  5.133e+03    1.320e+04    2.328e+04    2.795e+04
  1  1.018e+05   -1.293e+04    8.062e+03   -2.609e+04
  2  2.009e+05    1.294e+04    4.270e+03    2.617e+04
  3  3.005e+05   -1.293e+04    2.464e+03   -2.612e+04
  4  4.003e+05    1.293e+04    1.309e+03    2.613e+04
  5  5.001e+05   -1.293e+04    4.130e+02   -2.612e+04
  6  5.999e+05    1.293e+04   -4.130e+02    2.612e+04
  7  6.997e+05   -1.293e+04   -1.309e+03   -2.613e+04
  8  7.995e+05    1.293e+04   -2.464e+03    2.612e+04
  9  8.991e+05   -1.294e+04   -4.270e+03   -2.617e+04
 10  9.982e+05    1.293e+04   -8.062e+03    2.609e+04
 11  1.095e+06   -1.320e+04   -2.328e+04   -2.795e+04

0.50
  0  6.348e+03    1.459e+04    2.584e+04    2.748e+04
  1  1.022e+05   -1.422e+04    8.913e+03   -2.520e+04
  2  2.012e+05    1.423e+04    4.724e+03    2.533e+04
  3  3.007e+05   -1.422e+04    2.730e+03   -2.526e+04
  4  4.004e+05    1.422e+04    1.450e+03    2.527e+04
  5  5.001e+05   -1.422e+04    4.578e+02   -2.526e+04
  6  5.999e+05    1.422e+04   -4.578e+02    2.526e+04
  7  6.996e+05   -1.422e+04   -1.450e+03   -2.527e+04
  8  7.993e+05    1.422e+04   -2.730e+03    2.526e+04
  9  8.988e+05   -1.423e+04   -4.724e+03   -2.533e+04
 10  9.978e+05    1.422e+04   -8.913e+03    2.520e+04
 11  1.094e+06   -1.459e+04   -2.584e+04   -2.748e+04

0.55
  0  7.691e+03    1.596e+04    2.840e+04    2.695e+04
  1  1.027e+05   -1.546e+04    9.753e+03   -2.423e+04
  2  2.014e+05    1.548e+04    5.172e+03    2.442e+04
  3  3.008e+05   -1.546e+04    2.993e+03   -2.434e+04
  4  4.004e+05    1.547e+04    1.591e+03    2.436e+04
  5  5.001e+05   -1.546e+04    5.024e+02   -2.435e+04
  6  5.999e+05    1.546e+04   -5.024e+02    2.435e+04
  7  6.996e+05   -1.547e+04   -1.591e+03   -2.436e+04
  8  7.992e+05    1.546e+04   -2.993e+03    2.434e+04
  9  8.986e+05   -1.548e+04   -5.172e+03   -2.442e+04
 10  9.973e+05    1.546e+04   -9.753e+03    2.423e+04
 11  1.092e+06   -1.596e+04   -2.840e+04   -2.695e+04

0.60
  0  9.162e+03    1.729e+04    3.095e+04    2.638e+04
  1  1.032e+05   -1.665e+04    1.058e+04   -2.319e+04
  2  2.017e+05    1.668e+04    5.612e+03    2.345e+04
  3  3.010e+05   -1.666e+04    3.254e+03   -2.336e+04
  4  4.005e+05    1.666e+04    1.730e+03    2.338e+04
  5  5.002e+05   -1.666e+04    5.466e+02   -2.337e+04
  6  5.998e+05    1.666e+04   -5.466e+02    2.337e+04
  7  6.995e+05   -1.666e+04   -1.730e+03   -2.338e+04
  8  7.990e+05    1.666e+04   -3.254e+03    2.336e+04
  9  8.983e+05   -1.668e+04   -5.612e+03   -2.345e+04
 10  9.968e+05    1.665e+04   -1.058e+04    2.319e+04
 11  1.091e+06   -1.729e+04   -3.095e+04   -2.638e+04

0.65
  0  1.076e+04    1.860e+04    3.350e+04    2.577e+04
  1  1.037e+05   -1.779e+04    1.140e+04   -2.207e+04
  2  2.020e+05    1.783e+04    6.046e+03    2.242e+04
  3  3.011e+05   -1.781e+04    3.512e+03   -2.233e+04
  4  4.006e+05    1.781e+04    1.867e+03    2.236e+04
  5  5.002e+05   -1.781e+04    5.905e+02   -2.234e+04
  6  5.998e+05    1.781e+04   -5.905e+02    2.234e+04
  7  6.994e+05   -1.781e+04   -1.867e+03   -2.236e+04
  8  7.989e+05    1.781e+04   -3.512e+03    2.233e+04
  9  8.980e+05   -1.783e+04   -6.046e+03   -2.242e+04
 10  9.963e+05    1.779e+04   -1.140e+04    2.207e+04
 11  1.089e+06   -1.860e+04   -3.350e+04   -2.577e+04

0.70
  0  1.249e+04    1.988e+04    3.605e+04    2.510e+04
  1  1.043e+05   -1.887e+04    1.220e+04   -2.088e+04
  2  2.023e+05    1.893e+04    6.472e+03    2.135e+04
  3  3.013e+05   -1.890e+04    3.766e+03   -2.124e+04
  4  4.007e+05    1.891e+04    2.003e+03    2.128e+04
  5  5.002e+05   -1.890e+04    6.340e+02   -2.127e+04
  6  5.998e+05    1.890e+04   -6.340e+02    2.127e+04
  7  6.993e+05   -1.891e+04   -2.003e+03   -2.128e+04
  8  7.987e+05    1.890e+04   -3.766e+03    2.124e+04
  9  8.977e+05   -1.893e+04   -6.472e+03   -2.135e+04
 10  9.957e+05    1.887e+04   -1.220e+04    2.088e+04
 11  1.088e+06   -1.988e+04   -3.605e+04   -2.510e+04

0.75
  0  1.434e+04    2.112e+04    3.860e+04    2.439e+04
  1  1.049e+05   -1.989e+04    1.300e+04   -1.962e+04
  2  2.026e+05    1.998e+04    6.889e+03    2.023e+04
  3  3.015e+05   -1.994e+04    4.018e+03   -2.012e+04
  4  4.008e+05    1.995e+04    2.138e+03    2.016e+04
  5  5.003e+05   -1.995e+04    6.771e+02   -2.015e+04
  6  5.997e+05    1.995e+04   -6.771e+02    2.015e+04
  7  6.992e+05   -1.995e+04   -2.138e+03   -2.016e+04
  8  7.985e+05    1.994e+04   -4.018e+03    2.012e+04
  9  8.974e+05   -1.998e+04   -6.889e+03   -2.023e+04
 10  9.951e+05    1.989e+04   -1.300e+04    1.962e+04
 11  1.086e+06   -2.112e+04   -3.860e+04   -2.439e+04

0.80
  0  1.632e+04    2.232e+04    4.115e+04    2.364e+04
  1  1.056e+05   -2.084e+04    1.378e+04   -1.830e+04
  2  2.030e+05    2.097e+04    7.297e+03    1.906e+04
  3  3.017e+05   -2.093e+04    4.267e+03   -1.895e+04
  4  4.009e+05    2.094e+04    2.271e+03    1.901e+04
  5  5.003e+05   -2.093e+04    7.198e+02   -1.899e+04
  6  5.997e+05    2.093e+04   -7.198e+02    1.899e+04
  7  6.991e+05   -2.094e+04   -2.271e+03   -1.901e+04
  8  7.983e+05    2.093e+04   -4.267e+03    1.895e+04
  9  8.970e+05   -2.097e+04   -7.297e+03   -1.906e+04
 10  9.944e+05    2.084e+04   -1.378e+04    1.830e+04
 11  1.084e+06   -2.232e+04   -4.115e+04   -2.364e+04

0.85
  0  1.843e+04    2.349e+04    4.370e+04    2.284e+04
  1  1.063e+05   -2.173e+04    1.456e+04   -1.692e+04
  2  2.033e+05    2.190e+04    7.695e+03    1.787e+04
  3  3.019e+05   -2.185e+04    4.512e+03   -1.775e+04
  4  4.010e+05    2.186e+04    2.402e+03    1.782e+04
  5  5.003e+05   -2.186e+04    7.621e+02   -1.780e+04
  6  5.997e+05    2.186e+04   -7.621e+02    1.780e+04
  7  6.990e+05   -2.186e+04   -2.402e+03   -1.782e+04
  8  7.981e+05    2.185e+04   -4.512e+03    1.775e+04
  9  8.967e+05   -2.190e+04   -7.695e+03   -1.787e+04
 10  9.937e+05    2.173e+04   -1.456e+04    1.692e+04
 11  1.082e+06   -2.349e+04   -4.370e+04   -2.284e+04

0.90
  0  2.067e+04    2.461e+04    4.627e+04    2.199e+04
  1  1.071e+05   -2.255e+04    1.533e+04   -1.547e+04
  2  2.037e+05    2.276e+04    8.082e+03    1.664e+04
  3  3.022e+05   -2.271e+04    4.754e+03   -1.651e+04
  4  4.012e+05    2.273e+04    2.532e+03    1.660e+04
  5  5.004e+05   -2.272e+04    8.040e+02   -1.658e+04
  6  5.996e+05    2.272e+04   -8.040e+02    1.658e+04
  7  6.988e+05   -2.273e+04   -2.532e+03   -1.660e+04
  8  7.978e+05    2.271e+04   -4.754e+03    1.651e+04
  9  8.963e+05   -2.276e+04   -8.082e+03   -1.664e+04
 10  9.929e+05    2.255e+04   -1.533e+04    1.547e+04
 11  1.079e+06   -2.461e+04   -4.627e+04   -2.199e+04

0.95
  0  2.303e+04    2.569e+04    4.883e+04    2.109e+04
  1  1.078e+05   -2.329e+04    1.608e+04   -1.396e+04
  2  2.041e+05    2.357e+04    8.458e+03    1.538e+04
  3  3.024e+05   -2.351e+04    4.991e+03   -1.525e+04
  4  4.013e+05    2.354e+04    2.659e+03    1.536e+04
  5  5.004e+05   -2.353e+04    8.453e+02   -1.534e+04
  6  5.996e+05    2.353e+04   -8.453e+02    1.534e+04
  7  6.987e+05   -2.354e+04   -2.659e+03   -1.536e+04
  8  7.976e+05    2.351e+04   -4.991e+03    1.525e+04
  9  8.959e+05   -2.357e+04   -8.458e+03   -1.538e+04
 10  9.922e+05    2.329e+04   -1.608e+04    1.396e+04
 11  1.077e+06   -2.569e+04   -4.883e+04   -2.109e+04

1.00
  0  2.552e+04    2.673e+04    5.142e+04    2.015e+04
  1  1.087e+05   -2.396e+04    1.683e+04   -1.239e+04
  2  2.046e+05    2.431e+04    8.820e+03    1.409e+04
  3  3.027e+05   -2.425e+04    5.225e+03   -1.396e+04
  4  4.014e+05    2.428e+04    2.784e+03    1.409e+04
  5  5.004e+05   -2.427e+04    8.863e+02   -1.407e+04
  6  5.996e+05    2.427e+04   -8.863e+02    1.407e+04
  7  6.986e+05   -2.428e+04   -2.784e+03   -1.409e+04
  8  7.973e+05    2.425e+04   -5.225e+03    1.396e+04
  9  8.954e+05   -2.431e+04   -8.820e+03   -1.409e+04
 10  9.913e+05    2.396e+04   -1.683e+04    1.239e+04
 11  1.074e+06   -2.673e+04   -5.142e+04   -2.015e+04

Elapsed time = 1.331186e-03 seconds
