0.00
  0  0.000e+00    0.000e+00    0.000e+00    3.000e+04
  1  1.000e+05    0.000e+00    0.000e+00   -3.000e+04
  2  2.000e+05    0.000e+00    0.000e+00    3.000e+04
  3  3.000e+05    0.000e+00    0.000e+00   -3.000e+04
  4  4.000e+05    0.000e+00    0.000e+00    3.000e+04
  5  5.000e+05    0.000e+00    0.000e+00   -3.000e+04
  6  6.000e+05    0.000e+00    0.000e+00    3.000e+04
  7  7.000e+05    0.000e+00    0.000e+00   -3.000e+04
  8  8.000e+05    0.000e+00    0.000e+00    3.000e+04
  9  9.000e+05    0.000e+00    0.000e+00   -3.000e+04
 10  1.000e+06    0.000e+00    0.000e+00    3.000e+04
 11  1.100e+06    0.000e+00    0.000e+00   -3.000e+04

0.01
  0  0.000e+00    3.000e+02    5.198e+02    3.000e+04
  1  1.000e+05   -3.000e+02    1.834e+02   -3.000e+04
  2  2.000e+05    3.000e+02    9.668e+01    3.000e+04
  3  3.000e+05   -3.000e+02    5.549e+01   -3.000e+04
  4  4.000e+05    3.000e+02    2.942e+01    3.000e+04
  5  5.000e+05   -3.000e+02    9.268e+00   -3.000e+04
  6  6.000e+05    3.000e+02   -9.268e+00    3.000e+04
  7  7.000e+05   -3.000e+02   -2.942e+01   -3.000e+04
  8  8.000e+05    3.000e+02   -5.549e+01    3.000e+04
  9  9.000e+05   -3.000e+02   -9.668e+01   -3.000e+04
 10  1.000e+06    3.000e+02   -1.834e+02    3.000e+04
 11  1.100e+06   -3.000e+02   -5.198e+02   -3.000e+04

0.02
  0  5.198e+00    6.000e+02    1.040e+03    3.000e+04
  1  1.000e+05   -6.000e+02    3.669e+02   -3.000e+04
  2  2.000e+05    6.000e+02    1.934e+02    3.000e+04
  3  3.000e+05   -6.000e+02    1.110e+02   -3.000e+04
  4  4.000e+05    6.000e+02    5.885e+01    3.000e+04
  5  5.000e+05   -6.000e+02    1.854e+01   -3.000e+04
  6  6.000e+05    6.000e+02   -1.854e+01    3.000e+04
  7  7.000e+05   -6.000e+02   -5.885e+01   -3.000e+04
  8  8.000e+05    6.000e+02   -1.110e+02    3.000e+04
  9  9.000e+05   -6.000e+02   -1.934e+02   -3.000e+04
 10  1.000e+06    6.000e+02   -3.669e+02    3.000e+04
 11  1.100e+06   -6.000e+02   -1.040e+03   -3.000e+04

0.03
  0  1.559e+01    9.000e+02    1.559e+03    2.999e+04
  1  1.000e+05   -9.000e+02    5.503e+02   -2.999e+04
  2  2.000e+05    9.000e+02    2.900e+02    2.999e+04
  3  3.000e+05   -9.000e+02    1.665e+02   -2.999e+04
  4  4.000e+05    9.000e+02    8.827e+01    2.999e+04
  5  5.000e+05   -9.000e+02    2.780e+01   -2.999e+04
  6  6.000e+05    9.000e+02   -2.780e+01    2.999e+04
  7  7.000e+05   -9.000e+02   -8.827e+01   -2.999e+04
  8  8.000e+05    9.000e+02   -1.665e+02    2.999e+04
  9  9.000e+05   -9.000e+02   -2.900e+02   -2.999e+04
 10  1.000e+06    9.000e+02   -5.503e+02    2.999e+04
 11  1.100e+06   -9.000e+02   -1.559e+03   -2.999e+04

0.04
  0  3.119e+01    1.200e+03    2.079e+03    2.999e+04
  1  1.000e+05   -1.200e+03    7.337e+02   -2.998e+04
  2  2.000e+05    1.200e+03    3.867e+02    2.998e+04
  3  3.000e+05   -1.200e+03    2.219e+02   -2.997e+04
  4  4.000e+05    1.200e+03    1.177e+02    2.997e+04
  5  5.000e+05   -1.200e+03    3.707e+01   -2.997e+04
  6  6.000e+05    1.200e+03   -3.707e+01    2.997e+04
  7  7.000e+05   -1.200e+03   -1.177e+02   -2.997e+04
  8  8.000e+05    1.200e+03   -2.219e+02    2.997e+04
  9  9.000e+05   -1.200e+03   -3.867e+02   -2.998e+04
 10  1.000e+06    1.200e+03   -7.337e+02    2.998e+04
 11  1.100e+06   -1.200e+03   -2.079e+03   -2.999e+04

0.05
  0  5.198e+01    1.500e+03    2.599e+03    2.998e+04
  1  1.000e+05   -1.500e+03    9.170e+02   -2.996e+04
  2  2.000e+05    1.500e+03    4.833e+02    2.996e+04
  3  3.000e+05   -1.500e+03    2.774e+02   -2.996e+04
  4  4.000e+05    1.500e+03    1.471e+02    2.996e+04
  5  5.000e+05   -1.500e+03    4.634e+01   -2.996e+04
  6  6.000e+05    1.500e+03   -4.634e+01    2.996e+04
  7  7.000e+05   -1.500e+03   -1.471e+02   -2.996e+04
  8  8.000e+05    1.500e+03   -2.774e+02    2.996e+04
  9  9.000e+05   -1.500e+03   -4.833e+02   -2.996e+04
 10  1.000e+06    1.500e+03   -9.170e+02    2.996e+04
 11  1.100e+06   -1.500e+03   -2.599e+03   -2.998e+04

0.06
  0  7.797e+01    1.800e+03    3.119e+03    2.997e+04
  1  1.000e+05   -1.799e+03    1.100e+03   -2.994e+04
  2  2.000e+05    1.799e+03    5.800e+02    2.994e+04
  3  3.000e+05   -1.799e+03    3.329e+02   -2.994e+04
  4  4.000e+05    1.799e+03    1.765e+02    2.994e+04
  5  5.000e+05   -1.799e+03    5.560e+01   -2.994e+04
  6  6.000e+05    1.799e+03   -5.560e+01    2.994e+04
  7  7.000e+05   -1.799e+03   -1.765e+02   -2.994e+04
  8  8.000e+05    1.799e+03   -3.329e+02    2.994e+04
  9  9.000e+05   -1.799e+03   -5.800e+02   -2.994e+04
 10  1.000e+06    1.799e+03   -1.100e+03    2.994e+04
 11  1.100e+06   -1.800e+03   -3.119e+03   -2.997e+04

0.07
  0  1.092e+02    2.099e+03    3.638e+03    2.996e+04
  1  1.000e+05   -2.099e+03    1.283e+03   -2.991e+04
  2  2.000e+05    2.099e+03    6.766e+02    2.991e+04
  3  3.000e+05   -2.099e+03    3.883e+02   -2.991e+04
  4  4.000e+05    2.099e+03    2.059e+02    2.991e+04
  5  5.000e+05   -2.099e+03    6.487e+01   -2.991e+04
  6  6.000e+05    2.099e+03   -6.487e+01    2.991e+04
  7  7.000e+05   -2.099e+03   -2.059e+02   -2.991e+04
  8  8.000e+05    2.099e+03   -3.883e+02    2.991e+04
  9  9.000e+05   -2.099e+03   -6.766e+02   -2.991e+04
 10  1.000e+06    2.099e+03   -1.283e+03    2.991e+04
 11  1.100e+06   -2.099e+03   -3.638e+03   -2.996e+04

0.08
  0  1.455e+02    2.399e+03    4.158e+03    2.994e+04
  1  1.001e+05   -2.398e+03    1.467e+03   -2.989e+04
  2  2.000e+05    2.398e+03    7.731e+02    2.989e+04
  3  3.000e+05   -2.398e+03    4.438e+02   -2.988e+04
  4  4.000e+05    2.398e+03    2.353e+02    2.988e+04
  5  5.000e+05   -2.398e+03    7.413e+01   -2.988e+04
  6  6.000e+05    2.398e+03   -7.413e+01    2.988e+04
  7  7.000e+05   -2.398e+03   -2.353e+02   -2.988e+04
  8  8.000e+05    2.398e+03   -4.438e+02    2.988e+04
  9  9.000e+05   -2.398e+03   -7.731e+02   -2.989e+04
 10  9.999e+05    2.398e+03   -1.467e+03    2.989e+04
 11  1.100e+06   -2.399e+03   -4.158e+03   -2.994e+04

0.09
  0  1.871e+02    2.698e+03    4.677e+03    2.992e+04
  1  1.001e+05   -2.697e+03    1.650e+03   -2.985e+04
  2  2.000e+05    2.697e+03    8.696e+02    2.985e+04
  3  3.000e+05   -2.696e+03    4.992e+02   -2.985e+04
  4  4.000e+05    2.696e+03    2.647e+02    2.985e+04
  5  5.000e+05   -2.696e+03    8.339e+01   -2.985e+04
  6  6.000e+05    2.696e+03   -8.339e+01    2.985e+04
  7  7.000e+05   -2.696e+03   -2.647e+02   -2.985e+04
  8  8.000e+05    2.696e+03   -4.992e+02    2.985e+04
  9  9.000e+05   -2.697e+03   -8.696e+02   -2.985e+04
 10  9.999e+05    2.697e+03   -1.650e+03    2.985e+04
 11  1.100e+06   -2.698e+03   -4.677e+03   -2.992e+04

0.10
  0  2.339e+02    2.997e+03    5.197e+03    2.991e+04
  1  1.001e+05   -2.995e+03    1.832e+03   -2.982e+04
  2  2.000e+05    2.995e+03    9.661e+02    2.982e+04
  3  3.000e+05   -2.995e+03    5.546e+02   -2.981e+04
  4  4.000e+05    2.995e+03    2.941e+02    2.981e+04
  5  5.000e+05   -2.995e+03    9.264e+01   -2.981e+04
  6  6.000e+05    2.995e+03   -9.264e+01    2.981e+04
  7  7.000e+05   -2.995e+03   -2.941e+02   -2.981e+04
  8  8.000e+05    2.995e+03   -5.546e+02    2.981e+04
  9  9.000e+05   -2.995e+03   -9.661e+02   -2.982e+04
 10  9.999e+05    2.995e+03   -1.832e+03    2.982e+04
 11  1.100e+06   -2.997e+03   -5.197e+03   -2.991e+04

Elapsed time = 5.559950e-04 seconds
